outStepInterval: 20
outStepStart: 0

points:
  p0: 
    x: -0.0002
    y: 0.00012
    z: 0.0
  p1: 
    x: 0.0002
    y: 0.0002
    z: 0.0
  p2: 
    x: 0.01
    y: 0.0003
    z: 0.0
  p3: 
    x: 0.05
    y: 0.00085
    z: 0.0
 

surfaces:
  
