# M4.19 vitiated-air nozzle [euler] inviscid design wall (AxisMachCFDWall)
# R=2, L_U=6, L_c=9 (r_t units), M_d=4.5; r_t=0.183759 m
# throat x=0.000000 m r=0.183759 m; exit x=5.237464 m r=0.798452 m
# columns: x[mm] r[mm]  (axisymmetric wall contour, inlet pipe -> contraction -> throat -> MOC wall -> exit; throat at x=0)
-1194.4335 698.2842
-1191.2652 698.2842
-1188.0970 698.2842
-1184.9287 698.2842
-1181.7605 698.2842
-1178.5922 698.2842
-1175.4239 698.2842
-1172.2557 698.2842
-1169.0874 698.2842
-1165.9192 698.2842
-1162.7509 698.2842
-1159.5827 698.2842
-1156.4144 698.2842
-1153.2461 698.2842
-1150.0779 698.2842
-1146.9096 698.2842
-1143.7414 698.2842
-1140.5731 698.2842
-1137.4048 698.2842
-1134.2366 698.2842
-1131.0683 698.2842
-1127.9001 698.2842
-1124.7318 698.2842
-1121.5636 698.2842
-1118.3953 698.2842
-1115.2270 698.2842
-1112.0588 698.2842
-1108.8905 698.2842
-1105.7223 698.2842
-1102.5540 698.2842
-1097.0135 698.2838
-1091.4731 698.2807
-1085.9326 698.2725
-1080.3921 698.2566
-1074.8516 698.2306
-1069.3112 698.1921
-1063.7707 698.1389
-1058.2302 698.0687
-1052.6897 697.9794
-1047.1493 697.8688
-1041.6088 697.7349
-1036.0683 697.5758
-1030.5279 697.3895
-1024.9874 697.1741
-1019.4469 696.9278
-1013.9064 696.6490
-1008.3660 696.3359
-1002.8255 695.9869
-997.2850 695.6005
-991.7446 695.1751
-986.2041 694.7094
-980.6636 694.2018
-975.1231 693.6511
-969.5827 693.0561
-964.0422 692.4154
-958.5017 691.7279
-952.9612 690.9925
-947.4208 690.2081
-941.8803 689.3737
-936.3398 688.4884
-930.7994 687.5512
-925.2589 686.5614
-919.7184 685.5180
-914.1779 684.4203
-908.6375 683.2677
-903.0970 682.0594
-897.5565 680.7949
-892.0161 679.4736
-886.4756 678.0950
-880.9351 676.6586
-875.3946 675.1640
-869.8542 673.6107
-864.3137 671.9986
-858.7732 670.3273
-853.2327 668.5965
-847.6923 666.8060
-842.1518 664.9558
-836.6113 663.0456
-831.0709 661.0755
-825.5304 659.0452
-819.9899 656.9550
-814.4494 654.8048
-808.9090 652.5947
-803.3685 650.3249
-797.8280 647.9954
-792.2875 645.6065
-786.7471 643.1585
-781.2066 640.6516
-775.6661 638.0861
-770.1257 635.4624
-764.5852 632.7809
-759.0447 630.0419
-753.5042 627.2459
-747.9638 624.3935
-742.4233 621.4850
-736.8828 618.5212
-731.3424 615.5024
-725.8019 612.4295
-720.2614 609.3029
-714.7209 606.1235
-709.1805 602.8918
-703.6400 599.6086
-698.0995 596.2747
-692.5590 592.8908
-687.0186 589.4578
-681.4781 585.9765
-675.9376 582.4478
-670.3972 578.8725
-664.8567 575.2516
-659.3162 571.5861
-653.7757 567.8768
-648.2353 564.1248
-642.6948 560.3311
-637.1543 556.4968
-631.6138 552.6228
-626.0734 548.7102
-620.5329 544.7603
-614.9924 540.7740
-609.4520 536.7525
-603.9115 532.6970
-598.3710 528.6086
-592.8305 524.4886
-587.2901 520.3381
-581.7496 516.1584
-576.2091 511.9507
-570.6687 507.7162
-565.1282 503.4564
-559.5877 499.1723
-554.0472 494.8654
-548.5068 490.5370
-542.9663 486.1883
-537.4258 481.8208
-531.8853 477.4358
-526.3449 473.0346
-520.8044 468.6186
-515.2639 464.1892
-509.7235 459.7478
-504.1830 455.2959
-498.6425 450.8347
-493.1020 446.3658
-487.5616 441.8906
-482.0211 437.4104
-476.4806 432.9268
-470.9402 428.4412
-465.3997 423.9550
-459.8592 419.4698
-454.3187 414.9869
-448.7783 410.5078
-443.2378 406.0340
-437.6973 401.5670
-432.1568 397.1082
-426.6164 392.6591
-421.0759 388.2211
-415.5354 383.7959
-409.9950 379.3848
-404.4545 374.9892
-398.9140 370.6108
-393.3735 366.2509
-387.8331 361.9110
-382.2926 357.5926
-376.7521 353.2971
-371.2116 349.0260
-365.6712 344.7808
-360.1307 340.5628
-354.5902 336.3736
-349.0498 332.2145
-343.5093 328.0871
-337.9688 323.9926
-332.4283 319.9326
-326.8879 315.9084
-321.3474 311.9215
-315.8069 307.9731
-310.2665 304.0647
-304.7260 300.1977
-299.1855 296.3734
-293.6450 292.5931
-288.1046 288.8582
-282.5641 285.1699
-277.0236 281.5297
-271.4831 277.9387
-265.9427 274.3983
-260.4022 270.9096
-254.8617 267.4740
-249.3213 264.0927
-243.7808 260.7669
-238.2403 257.4977
-232.6998 254.2864
-227.1594 251.1341
-221.6189 248.0419
-216.0784 245.0109
-210.5379 242.0424
-204.9975 239.1372
-199.4570 236.2965
-193.9165 233.5213
-188.3761 230.8127
-182.8356 228.1715
-177.2951 225.5988
-171.7546 223.0956
-166.2142 220.6626
-160.6737 218.3009
-155.1332 216.0113
-149.5928 213.7945
-144.0523 211.6516
-138.5118 209.5831
-132.9713 207.5899
-127.4309 205.6727
-121.8904 203.8322
-116.3499 202.0691
-110.8094 200.3840
-105.2690 198.7775
-99.7285 197.2502
-94.1880 195.8026
-88.6476 194.4353
-83.1071 193.1487
-77.5666 191.9434
-72.0261 190.8196
-66.4857 189.7778
-60.9452 188.8183
-55.4047 187.9414
-49.8643 187.1475
-44.3238 186.4367
-38.7833 185.8092
-33.2428 185.2652
-27.7024 184.8049
-22.1619 184.4282
-16.6214 184.1353
-11.0809 183.9262
-5.5405 183.8008
0.0000 183.7590
6.5550 183.8340
13.1100 184.0196
19.6651 184.3126
26.2201 184.7170
32.7751 185.2339
39.3301 185.8670
45.8852 186.6186
52.4402 187.4930
58.9952 188.4993
65.5502 189.6444
72.1053 190.9378
78.6603 192.3947
85.2153 194.0298
91.7703 195.8492
98.3254 197.8358
104.8804 199.9542
111.4354 202.1707
117.9904 204.4614
124.5455 206.8102
131.1005 209.2058
137.6555 211.6391
144.2105 214.1041
150.7656 216.5956
157.3206 219.1093
163.8756 221.6414
170.4306 224.1892
176.9857 226.7499
183.5407 229.3212
190.0957 231.9012
196.6507 234.4882
203.2058 237.0808
209.7608 239.6772
216.3158 242.2763
222.8708 244.8771
229.4259 247.4789
235.9809 250.0805
242.5359 252.6808
249.0909 255.2789
255.6459 257.8747
262.2010 260.4677
268.7560 263.0569
275.3110 265.6416
281.8660 268.2215
288.4211 270.7964
294.9761 273.3660
301.5311 275.9294
308.0861 278.4860
314.6412 281.0357
321.1962 283.5786
327.7512 286.1143
334.3062 288.6428
340.8613 291.1635
347.4163 293.6760
353.9713 296.1802
360.5263 298.6758
367.0814 301.1628
373.6364 303.6411
380.1914 306.1106
386.7464 308.5713
393.3015 311.0231
399.8565 313.4657
406.4115 315.8993
412.9665 318.3235
419.5216 320.7383
426.0766 323.1436
432.6316 325.5394
439.1866 327.9254
445.7417 330.3017
452.2967 332.6682
458.8517 335.0249
465.4067 337.3716
471.9618 339.7084
478.5168 342.0351
485.0718 344.3519
491.6268 346.6586
498.1818 348.9553
504.7369 351.2418
511.2919 353.5183
517.8469 355.7848
524.4019 358.0412
530.9570 360.2875
537.5120 362.5237
544.0670 364.7499
550.6220 366.9661
557.1771 369.1723
563.7321 371.3685
570.2871 373.5548
576.8421 375.7311
583.3972 377.8975
589.9522 380.0540
596.5072 382.2007
603.0622 384.3375
609.6173 386.4645
616.1723 388.5817
622.7273 390.6892
629.2823 392.7870
635.8374 394.8751
642.3924 396.9536
648.9474 399.0224
655.5024 401.0817
662.0575 403.1314
668.6125 405.1715
675.1675 407.2022
681.7225 409.2235
688.2776 411.2353
694.8326 413.2378
701.3876 415.2309
707.9426 417.2147
714.4977 419.1893
721.0527 421.1546
727.6077 423.1108
734.1627 425.0579
740.7177 426.9958
747.2728 428.9247
753.8278 430.8446
760.3828 432.7556
766.9378 434.6576
773.4929 436.5507
780.0479 438.4350
786.6029 440.3104
793.1579 442.1771
799.7130 444.0351
806.2680 445.8844
812.8230 447.7251
819.3780 449.5572
825.9331 451.3807
832.4881 453.1957
839.0431 455.0023
845.5981 456.8004
852.1532 458.5901
858.7082 460.3715
865.2632 462.1445
871.8182 463.9094
878.3733 465.6659
884.9283 467.4144
891.4833 469.1546
898.0383 470.8868
904.5934 472.6109
911.1484 474.3270
917.7034 476.0351
924.2584 477.7352
930.8135 479.4275
937.3685 481.1119
943.9235 482.7884
950.4785 484.4572
957.0336 486.1182
963.5886 487.7715
970.1436 489.4172
976.6986 491.0551
983.2536 492.6855
989.8087 494.3084
996.3637 495.9237
1002.9187 497.5315
1009.4737 499.1318
1016.0288 500.7248
1022.5838 502.3104
1029.1388 503.8887
1035.6938 505.4597
1042.2489 507.0234
1048.8039 508.5799
1055.3589 510.1293
1061.9139 511.6715
1068.4690 513.2066
1075.0240 514.7346
1081.5790 516.2556
1088.1340 517.7697
1094.6891 519.2767
1101.2441 520.7769
1107.7991 522.2701
1114.3541 523.7565
1120.9092 525.2361
1127.4642 526.7089
1134.0192 528.1749
1140.5742 529.6342
1147.1293 531.0868
1153.6843 532.5327
1160.2393 533.9720
1166.7943 535.4047
1173.3494 536.8309
1179.9044 538.2505
1186.4594 539.6636
1193.0144 541.0702
1199.5695 542.4704
1206.1245 543.8641
1212.6795 545.2515
1219.2345 546.6326
1225.7895 548.0073
1232.3446 549.3757
1238.8996 550.7379
1245.4546 552.0939
1252.0096 553.4436
1258.5647 554.7872
1265.1197 556.1247
1271.6747 557.4560
1278.2297 558.7813
1284.7848 560.1005
1291.3398 561.4138
1297.8948 562.7210
1304.4498 564.0222
1311.0049 565.3176
1317.5599 566.6070
1324.1149 567.8905
1330.6699 569.1682
1337.2250 570.4401
1343.7800 571.7062
1350.3350 572.9665
1356.8900 574.2211
1363.4451 575.4700
1370.0001 576.7132
1376.5551 577.9507
1383.1101 579.1826
1389.6652 580.4089
1396.2202 581.6297
1402.7752 582.8449
1409.3302 584.0545
1415.8853 585.2587
1422.4403 586.4574
1428.9953 587.6507
1435.5503 588.8385
1442.1054 590.0210
1448.6604 591.1980
1455.2154 592.3697
1461.7704 593.5361
1468.3254 594.6972
1474.8805 595.8530
1481.4355 597.0035
1487.9905 598.1488
1494.5455 599.2888
1501.1006 600.4237
1507.6556 601.5534
1514.2106 602.6779
1520.7656 603.7973
1527.3207 604.9116
1533.8757 606.0208
1540.4307 607.1250
1546.9857 608.2241
1553.5408 609.3182
1560.0958 610.4073
1566.6508 611.4914
1573.2058 612.5706
1579.7609 613.6449
1586.3159 614.7143
1592.8709 615.7788
1599.4259 616.8384
1605.9810 617.8933
1612.5360 618.9433
1619.0910 619.9885
1625.6460 621.0290
1632.2011 622.0647
1638.7561 623.0957
1645.3111 624.1220
1651.8661 625.1436
1658.4212 626.1605
1664.9762 627.1728
1671.5312 628.1804
1678.0862 629.1835
1684.6413 630.1820
1691.1963 631.1759
1697.7513 632.1652
1704.3063 633.1500
1710.8613 634.1303
1717.4164 635.1061
1723.9714 636.0774
1730.5264 637.0443
1737.0814 638.0067
1743.6365 638.9647
1750.1915 639.9183
1756.7465 640.8675
1763.3015 641.8124
1769.8566 642.7529
1776.4116 643.6891
1782.9666 644.6210
1789.5216 645.5486
1796.0767 646.4719
1802.6317 647.3910
1809.1867 648.3059
1815.7417 649.2165
1822.2968 650.1229
1828.8518 651.0251
1835.4068 651.9232
1841.9618 652.8171
1848.5169 653.7069
1855.0719 654.5925
1861.6269 655.4741
1868.1819 656.3515
1874.7370 657.2249
1881.2920 658.0942
1887.8470 658.9595
1894.4020 659.8207
1900.9571 660.6780
1907.5121 661.5312
1914.0671 662.3805
1920.6221 663.2258
1927.1772 664.0671
1933.7322 664.9046
1940.2872 665.7381
1946.8422 666.5677
1953.3972 667.3934
1959.9523 668.2153
1966.5073 669.0333
1973.0623 669.8475
1979.6173 670.6579
1986.1724 671.4644
1992.7274 672.2672
1999.2824 673.0662
2005.8374 673.8614
2012.3925 674.6530
2018.9475 675.4407
2025.5025 676.2248
2032.0575 677.0052
2038.6126 677.7819
2045.1676 678.5549
2051.7226 679.3243
2058.2776 680.0900
2064.8327 680.8521
2071.3877 681.6106
2077.9427 682.3655
2084.4977 683.1169
2091.0528 683.8646
2097.6078 684.6088
2104.1628 685.3495
2110.7178 686.0866
2117.2729 686.8202
2123.8279 687.5503
2130.3829 688.2769
2136.9379 689.0001
2143.4930 689.7197
2150.0480 690.4360
2156.6030 691.1487
2163.1580 691.8581
2169.7131 692.5640
2176.2681 693.2666
2182.8231 693.9657
2189.3781 694.6615
2195.9331 695.3539
2202.4882 696.0429
2209.0432 696.7286
2215.5982 697.4110
2222.1532 698.0901
2228.7083 698.7658
2235.2633 699.4383
2241.8183 700.1075
2248.3733 700.7734
2254.9284 701.4361
2261.4834 702.0955
2268.0384 702.7517
2274.5934 703.4047
2281.1485 704.0545
2287.7035 704.7011
2294.2585 705.3445
2300.8135 705.9848
2307.3686 706.6219
2313.9236 707.2558
2320.4786 707.8866
2327.0336 708.5143
2333.5887 709.1389
2340.1437 709.7604
2346.6987 710.3788
2353.2537 710.9942
2359.8088 711.6064
2366.3638 712.2157
2372.9188 712.8219
2379.4738 713.4250
2386.0289 714.0252
2392.5839 714.6223
2399.1389 715.2165
2405.6939 715.8076
2412.2490 716.3958
2418.8040 716.9810
2425.3590 717.5633
2431.9140 718.1426
2438.4690 718.7190
2445.0241 719.2925
2451.5791 719.8630
2458.1341 720.4307
2464.6891 720.9955
2471.2442 721.5574
2477.7992 722.1164
2484.3542 722.6726
2490.9092 723.2259
2497.4643 723.7764
2504.0193 724.3240
2510.5743 724.8689
2517.1293 725.4109
2523.6844 725.9502
2530.2394 726.4866
2536.7944 727.0203
2543.3494 727.5512
2549.9045 728.0794
2556.4595 728.6048
2563.0145 729.1275
2569.5695 729.6475
2576.1246 730.1647
2582.6796 730.6792
2589.2346 731.1911
2595.7896 731.7002
2602.3447 732.2066
2608.8997 732.7104
2615.4547 733.2115
2622.0097 733.7099
2628.5648 734.2057
2635.1198 734.6989
2641.6748 735.1894
2648.2298 735.6772
2654.7849 736.1625
2661.3399 736.6452
2667.8949 737.1253
2674.4499 737.6028
2681.0049 738.0777
2687.5600 738.5501
2694.1150 739.0199
2700.6700 739.4872
2707.2250 739.9520
2713.7801 740.4142
2720.3351 740.8740
2726.8901 741.3312
2733.4451 741.7860
2740.0002 742.2383
2746.5552 742.6881
2753.1102 743.1355
2759.6652 743.5804
2766.2203 744.0229
2772.7753 744.4629
2779.3303 744.9005
2785.8853 745.3356
2792.4404 745.7684
2798.9954 746.1987
2805.5504 746.6266
2812.1054 747.0522
2818.6605 747.4753
2825.2155 747.8961
2831.7705 748.3144
2838.3255 748.7304
2844.8806 749.1441
2851.4356 749.5554
2857.9906 749.9644
2864.5456 750.3710
2871.1007 750.7753
2877.6557 751.1773
2884.2107 751.5770
2890.7657 751.9744
2897.3208 752.3695
2903.8758 752.7623
2910.4308 753.1529
2916.9858 753.5412
2923.5408 753.9272
2930.0959 754.3110
2936.6509 754.6926
2943.2059 755.0720
2949.7609 755.4491
2956.3160 755.8240
2962.8710 756.1967
2969.4260 756.5672
2975.9810 756.9355
2982.5361 757.3016
2989.0911 757.6656
2995.6461 758.0273
3002.2011 758.3870
3008.7562 758.7444
3015.3112 759.0997
3021.8662 759.4529
3028.4212 759.8040
3034.9763 760.1530
3041.5313 760.4998
3048.0863 760.8445
3054.6413 761.1872
3061.1964 761.5278
3067.7514 761.8662
3074.3064 762.2027
3080.8614 762.5370
3087.4165 762.8693
3093.9715 763.1995
3100.5265 763.5277
3107.0815 763.8539
3113.6366 764.1780
3120.1916 764.5000
3126.7466 764.8201
3133.3016 765.1381
3139.8567 765.4541
3146.4117 765.7681
3152.9667 766.0800
3159.5217 766.3900
3166.0767 766.6980
3172.6318 767.0040
3179.1868 767.3080
3185.7418 767.6101
3192.2968 767.9102
3198.8519 768.2083
3205.4069 768.5046
3211.9619 768.7989
3218.5169 769.0913
3225.0720 769.3819
3231.6270 769.6705
3238.1820 769.9572
3244.7370 770.2421
3251.2921 770.5251
3257.8471 770.8062
3264.4021 771.0855
3270.9571 771.3629
3277.5122 771.6384
3284.0672 771.9121
3290.6222 772.1839
3297.1772 772.4539
3303.7323 772.7221
3310.2873 772.9884
3316.8423 773.2529
3323.3973 773.5155
3329.9524 773.7763
3336.5074 774.0353
3343.0624 774.2925
3349.6174 774.5480
3356.1725 774.8016
3362.7275 775.0534
3369.2825 775.3035
3375.8375 775.5518
3382.3926 775.7984
3388.9476 776.0433
3395.5026 776.2864
3402.0576 776.5278
3408.6126 776.7674
3415.1677 777.0054
3421.7227 777.2416
3428.2777 777.4762
3434.8327 777.7090
3441.3878 777.9402
3447.9428 778.1696
3454.4978 778.3974
3461.0528 778.6235
3467.6079 778.8480
3474.1629 779.0707
3480.7179 779.2918
3487.2729 779.5113
3493.8280 779.7291
3500.3830 779.9452
3506.9380 780.1597
3513.4930 780.3726
3520.0481 780.5839
3526.6031 780.7935
3533.1581 781.0016
3539.7131 781.2080
3546.2682 781.4129
3552.8232 781.6161
3559.3782 781.8178
3565.9332 782.0179
3572.4883 782.2164
3579.0433 782.4134
3585.5983 782.6088
3592.1533 782.8026
3598.7084 782.9949
3605.2634 783.1856
3611.8184 783.3748
3618.3734 783.5625
3624.9285 783.7486
3631.4835 783.9332
3638.0385 784.1164
3644.5935 784.2980
3651.1485 784.4781
3657.7036 784.6568
3664.2586 784.8340
3670.8136 785.0097
3677.3686 785.1840
3683.9237 785.3568
3690.4787 785.5282
3697.0337 785.6981
3703.5887 785.8666
3710.1438 786.0336
3716.6988 786.1991
3723.2538 786.3632
3729.8088 786.5259
3736.3639 786.6871
3742.9189 786.8468
3749.4739 787.0052
3756.0289 787.1620
3762.5840 787.3175
3769.1390 787.4716
3775.6940 787.6243
3782.2490 787.7756
3788.8041 787.9255
3795.3591 788.0741
3801.9141 788.2213
3808.4691 788.3672
3815.0242 788.5118
3821.5792 788.6550
3828.1342 788.7970
3834.6892 788.9376
3841.2443 789.0769
3847.7993 789.2149
3854.3543 789.3516
3860.9093 789.4869
3867.4644 789.6210
3874.0194 789.7537
3880.5744 789.8852
3887.1294 790.0153
3893.6844 790.1442
3900.2395 790.2717
3906.7945 790.3980
3913.3495 790.5230
3919.9045 790.6467
3926.4596 790.7692
3933.0146 790.8904
3939.5696 791.0104
3946.1246 791.1291
3952.6797 791.2466
3959.2347 791.3629
3965.7897 791.4780
3972.3447 791.5919
3978.8998 791.7045
3985.4548 791.8160
3992.0098 791.9263
3998.5648 792.0354
4005.1199 792.1433
4011.6749 792.2500
4018.2299 792.3556
4024.7849 792.4600
4031.3400 792.5632
4037.8950 792.6653
4044.4500 792.7663
4051.0050 792.8661
4057.5601 792.9647
4064.1151 793.0623
4070.6701 793.1587
4077.2251 793.2540
4083.7802 793.3482
4090.3352 793.4413
4096.8902 793.5333
4103.4452 793.6242
4110.0003 793.7140
4116.5553 793.8027
4123.1103 793.8903
4129.6653 793.9769
4136.2203 794.0623
4142.7754 794.1466
4149.3304 794.2299
4155.8854 794.3121
4162.4404 794.3933
4168.9955 794.4734
4175.5505 794.5525
4182.1055 794.6306
4188.6605 794.7076
4195.2156 794.7838
4201.7706 794.8589
4208.3256 794.9331
4214.8806 795.0062
4221.4357 795.0784
4227.9907 795.1496
4234.5457 795.2198
4241.1007 795.2890
4247.6558 795.3572
4254.2108 795.4244
4260.7658 795.4906
4267.3208 795.5559
4273.8759 795.6202
4280.4309 795.6836
4286.9859 795.7460
4293.5409 795.8077
4300.0960 795.8684
4306.6510 795.9283
4313.2060 795.9873
4319.7610 796.0453
4326.3161 796.1025
4332.8711 796.1588
4339.4261 796.2141
4345.9811 796.2685
4352.5362 796.3220
4359.0912 796.3746
4365.6462 796.4263
4372.2012 796.4771
4378.7562 796.5271
4385.3113 796.5763
4391.8663 796.6247
4398.4213 796.6723
4404.9763 796.7191
4411.5314 796.7650
4418.0864 796.8102
4424.6414 796.8546
4431.1964 796.8982
4437.7515 796.9410
4444.3065 796.9830
4450.8615 797.0242
4457.4165 797.0647
4463.9716 797.1044
4470.5266 797.1433
4477.0816 797.1815
4483.6366 797.2189
4490.1917 797.2556
4496.7467 797.2916
4503.3017 797.3269
4509.8567 797.3614
4516.4118 797.3952
4522.9668 797.4284
4529.5218 797.4608
4536.0768 797.4925
4542.6319 797.5236
4549.1869 797.5540
4555.7419 797.5837
4562.2969 797.6127
4568.8520 797.6411
4575.4070 797.6688
4581.9620 797.6960
4588.5170 797.7224
4595.0721 797.7483
4601.6271 797.7736
4608.1821 797.7982
4614.7371 797.8223
4621.2921 797.8459
4627.8472 797.8688
4634.4022 797.8910
4640.9572 797.9127
4647.5122 797.9337
4654.0673 797.9541
4660.6223 797.9739
4667.1773 797.9932
4673.7323 798.0119
4680.2874 798.0302
4686.8424 798.0479
4693.3974 798.0653
4699.9524 798.0821
4706.5075 798.0984
4713.0625 798.1142
4719.6175 798.1296
4726.1725 798.1444
4732.7276 798.1587
4739.2826 798.1725
4745.8376 798.1859
4752.3926 798.1988
4758.9477 798.2113
4765.5027 798.2233
4772.0577 798.2349
4778.6127 798.2461
4785.1678 798.2569
4791.7228 798.2674
4798.2778 798.2775
4804.8328 798.2872
4811.3879 798.2965
4817.9429 798.3054
4824.4979 798.3139
4831.0529 798.3220
4837.6080 798.3297
4844.1630 798.3371
4850.7180 798.3442
4857.2730 798.3510
4863.8280 798.3577
4870.3831 798.3640
4876.9381 798.3701
4883.4931 798.3758
4890.0481 798.3811
4896.6032 798.3862
4903.1582 798.3909
4909.7132 798.3954
4916.2682 798.3996
4922.8233 798.4035
4929.3783 798.4073
4935.9333 798.4109
4942.4883 798.4143
4949.0434 798.4175
4955.5984 798.4205
4962.1534 798.4233
4968.7084 798.4260
4975.2635 798.4285
4981.8185 798.4308
4988.3735 798.4330
4994.9285 798.4351
5001.4836 798.4370
5008.0386 798.4387
5014.5936 798.4403
5021.1486 798.4416
5027.7037 798.4428
5034.2587 798.4439
5040.8137 798.4448
5047.3687 798.4457
5053.9238 798.4465
5060.4788 798.4473
5067.0338 798.4479
5073.5888 798.4485
5080.1439 798.4490
5086.6989 798.4495
5093.2539 798.4499
5099.8089 798.4503
5106.3639 798.4506
5112.9190 798.4508
5119.4740 798.4511
5126.0290 798.4513
5132.5840 798.4514
5139.1391 798.4516
5145.6941 798.4517
5152.2491 798.4518
5158.8041 798.4519
5165.3592 798.4519
5171.9142 798.4520
5178.4692 798.4520
5185.0242 798.4520
5191.5793 798.4521
5198.1343 798.4521
5204.6893 798.4521
5211.2443 798.4521
5217.7994 798.4521
5224.3544 798.4521
5230.9094 798.4521
5237.4644 798.4521
