# M4.19 vitiated-air nozzle v3 (Pt 1.139 MPa, Tt 1161 K, inlet pipe D1600) [euler] inviscid design wall (AxisMachCFDWall)
# R=2, L_U=6, L_c=8 (r_t units), M_d=4.19; r_t=0.205711 m
# throat x=0.000000 m r=0.205711 m; exit x=4.985842 m r=0.798461 m
# columns: x[mm] r[mm]  (axisymmetric wall contour, inlet pipe -> contraction -> throat -> MOC wall -> exit; throat at x=0)
-1337.1215 800.0101
-1333.5748 800.0101
-1330.0280 800.0101
-1326.4813 800.0101
-1322.9345 800.0101
-1319.3878 800.0101
-1315.8411 800.0101
-1312.2943 800.0101
-1308.7476 800.0101
-1305.2008 800.0101
-1301.6541 800.0101
-1298.1073 800.0101
-1294.5606 800.0101
-1291.0139 800.0101
-1287.4671 800.0101
-1283.9204 800.0101
-1280.3736 800.0101
-1276.8269 800.0101
-1273.2802 800.0101
-1269.7334 800.0101
-1266.1867 800.0101
-1262.6399 800.0101
-1259.0932 800.0101
-1255.5464 800.0101
-1251.9997 800.0101
-1248.4530 800.0101
-1244.9062 800.0101
-1241.3595 800.0101
-1237.8127 800.0101
-1234.2660 800.0101
-1228.0637 800.0096
-1221.8613 800.0060
-1215.6590 799.9963
-1209.4566 799.9777
-1203.2543 799.9472
-1197.0519 799.9022
-1190.8496 799.8399
-1184.6473 799.7577
-1178.4449 799.6531
-1172.2426 799.5236
-1166.0402 799.3668
-1159.8379 799.1804
-1153.6356 798.9623
-1147.4332 798.7101
-1141.2309 798.4219
-1135.0285 798.0955
-1128.8262 797.7290
-1122.6238 797.3206
-1116.4215 796.8684
-1110.2192 796.3706
-1104.0168 795.8257
-1097.8145 795.2318
-1091.6121 794.5876
-1085.4098 793.8915
-1079.2075 793.1421
-1073.0051 792.3380
-1066.8028 791.4780
-1060.6004 790.5608
-1054.3981 789.5852
-1048.1957 788.5501
-1041.9934 787.4545
-1035.7911 786.2974
-1029.5887 785.0778
-1023.3864 783.7949
-1017.1840 782.4479
-1010.9817 781.0360
-1004.7794 779.5586
-998.5770 778.0148
-992.3747 776.4043
-986.1723 774.7265
-979.9700 772.9808
-973.7676 771.1668
-967.5653 769.2842
-961.3630 767.3327
-955.1606 765.3120
-948.9583 763.2218
-942.7559 761.0620
-936.5536 758.8325
-930.3513 756.5332
-924.1489 754.1641
-917.9466 751.7252
-911.7442 749.2165
-905.5419 746.6383
-899.3395 743.9907
-893.1372 741.2738
-886.9349 738.4879
-880.7325 735.6333
-874.5302 732.7105
-868.3278 729.7196
-862.1255 726.6612
-855.9232 723.5357
-849.7208 720.3437
-843.5185 717.0857
-837.3161 713.7621
-831.1138 710.3738
-824.9114 706.9213
-818.7091 703.4053
-812.5068 699.8266
-806.3044 696.1860
-800.1021 692.4841
-793.8997 688.7219
-787.6974 684.9002
-781.4951 681.0200
-775.2927 677.0821
-769.0904 673.0876
-762.8880 669.0374
-756.6857 664.9326
-750.4833 660.7742
-744.2810 656.5633
-738.0787 652.3010
-731.8763 647.9885
-725.6740 643.6269
-719.4716 639.2174
-713.2693 634.7613
-707.0670 630.2598
-700.8646 625.7141
-694.6623 621.1256
-688.4599 616.4956
-682.2576 611.8254
-676.0552 607.1164
-669.8529 602.3699
-663.6506 597.5874
-657.4482 592.7703
-651.2459 587.9200
-645.0435 583.0380
-638.8412 578.1258
-632.6389 573.1849
-626.4365 568.2167
-620.2342 563.2228
-614.0318 558.2048
-607.8295 553.1642
-601.6271 548.1026
-595.4248 543.0215
-589.2225 537.9226
-583.0201 532.8075
-576.8178 527.6777
-570.6154 522.5350
-564.4131 517.3809
-558.2108 512.2171
-552.0084 507.0453
-545.8061 501.8671
-539.6037 496.6843
-533.4014 491.4984
-527.1990 486.3112
-520.9967 481.1244
-514.7944 475.9396
-508.5920 470.7586
-502.3897 465.5830
-496.1873 460.4146
-489.9850 455.2551
-483.7827 450.1062
-477.5803 444.9695
-471.3780 439.8469
-465.1756 434.7400
-458.9733 429.6505
-452.7709 424.5802
-446.5686 419.5306
-440.3663 414.5036
-434.1639 409.5008
-427.9616 404.5240
-421.7592 399.5747
-415.5569 394.6547
-409.3546 389.7657
-403.1522 384.9093
-396.9499 380.0872
-390.7475 375.3010
-384.5452 370.5524
-378.3428 365.8430
-372.1405 361.1744
-365.9382 356.5482
-359.7358 351.9660
-353.5335 347.4295
-347.3311 342.9402
-341.1288 338.4995
-334.9265 334.1092
-328.7241 329.7707
-322.5218 325.4855
-316.3194 321.2551
-310.1171 317.0810
-303.9147 312.9646
-297.7124 308.9075
-291.5101 304.9110
-285.3077 300.9765
-279.1054 297.1054
-272.9030 293.2990
-266.7007 289.5588
-260.4984 285.8860
-254.2960 282.2819
-248.0937 278.7478
-241.8913 275.2849
-235.6890 271.8945
-229.4866 268.5777
-223.2843 265.3357
-217.0820 262.1697
-210.8796 259.0808
-204.6773 256.0701
-198.4749 253.1385
-192.2726 250.2872
-186.0703 247.5171
-179.8679 244.8293
-173.6656 242.2246
-167.4632 239.7039
-161.2609 237.2681
-155.0585 234.9181
-148.8562 232.6546
-142.6539 230.4785
-136.4515 228.3903
-130.2492 226.3909
-124.0468 224.4810
-117.8445 222.6610
-111.6422 220.9316
-105.4398 219.2934
-99.2375 217.7468
-93.0351 216.2923
-86.8328 214.9303
-80.6304 213.6612
-74.4281 212.4854
-68.2258 211.4031
-62.0234 210.4146
-55.8211 209.5201
-49.6187 208.7197
-43.4164 208.0137
-37.2141 207.4020
-31.0117 206.8846
-24.8094 206.4616
-18.6070 206.1329
-12.4047 205.8984
-6.2023 205.7578
0.0000 205.7110
6.2401 205.7739
12.4802 205.9211
18.7203 206.1617
24.9604 206.4898
31.2005 206.9099
37.4406 207.4223
43.6807 208.0302
49.9208 208.7357
56.1609 209.5419
62.4010 210.4534
68.6411 211.4753
74.8812 212.6159
81.1213 213.8813
87.3614 215.2793
93.6015 216.8173
99.8416 218.4918
106.0817 220.2909
112.3218 222.1943
118.5619 224.1810
124.8020 226.2351
131.0422 228.3436
137.2823 230.4967
143.5224 232.6874
149.7625 234.9098
156.0026 237.1593
162.2427 239.4318
168.4828 241.7242
174.7229 244.0336
180.9630 246.3577
187.2031 248.6945
193.4432 251.0421
199.6833 253.3988
205.9234 255.7629
212.1635 258.1336
218.4036 260.5097
224.6437 262.8896
230.8838 265.2723
237.1239 267.6574
243.3640 270.0443
249.6041 272.4320
255.8442 274.8193
262.0843 277.2057
268.3244 279.5914
274.5645 281.9757
280.8046 284.3579
287.0447 286.7371
293.2848 289.1130
299.5249 291.4855
305.7650 293.8545
312.0051 296.2196
318.2452 298.5804
324.4853 300.9364
330.7254 303.2872
336.9655 305.6324
343.2056 307.9720
349.4457 310.3057
355.6858 312.6336
361.9259 314.9554
368.1660 317.2710
374.4061 319.5800
380.6462 321.8822
386.8863 324.1776
393.1265 326.4660
399.3666 328.7472
405.6067 331.0212
411.8468 333.2880
418.0869 335.5475
424.3270 337.7996
430.5671 340.0442
436.8072 342.2812
443.0473 344.5105
449.2874 346.7320
455.5275 348.9456
461.7676 351.1513
468.0077 353.3489
474.2478 355.5385
480.4879 357.7199
486.7280 359.8931
492.9681 362.0581
499.2082 364.2148
505.4483 366.3633
511.6884 368.5034
517.9285 370.6352
524.1686 372.7586
530.4087 374.8736
536.6488 376.9802
542.8889 379.0783
549.1290 381.1680
555.3691 383.2493
561.6092 385.3221
567.8493 387.3865
574.0894 389.4424
580.3295 391.4898
586.5696 393.5289
592.8097 395.5594
599.0498 397.5816
605.2899 399.5954
611.5300 401.6008
617.7701 403.5977
624.0102 405.5864
630.2503 407.5667
636.4904 409.5386
642.7305 411.5022
648.9707 413.4576
655.2108 415.4046
661.4509 417.3434
667.6910 419.2739
673.9311 421.1962
680.1712 423.1103
686.4113 425.0161
692.6514 426.9138
698.8915 428.8033
705.1316 430.6847
711.3717 432.5579
717.6118 434.4230
723.8519 436.2801
730.0920 438.1291
736.3321 439.9701
742.5722 441.8031
748.8123 443.6281
755.0524 445.4451
761.2925 447.2542
767.5326 449.0555
773.7727 450.8489
780.0128 452.6344
786.2529 454.4121
792.4930 456.1821
798.7331 457.9443
804.9732 459.6988
811.2133 461.4457
817.4534 463.1849
823.6935 464.9164
829.9336 466.6404
836.1737 468.3569
842.4138 470.0658
848.6539 471.7672
854.8940 473.4611
861.1341 475.1476
867.3742 476.8266
873.6143 478.4983
879.8544 480.1627
886.0945 481.8197
892.3346 483.4694
898.5747 485.1118
904.8148 486.7471
911.0550 488.3751
917.2951 489.9959
923.5352 491.6096
929.7753 493.2162
936.0154 494.8156
942.2555 496.4081
948.4956 497.9935
954.7357 499.5719
960.9758 501.1434
967.2159 502.7079
973.4560 504.2656
979.6961 505.8163
985.9362 507.3602
992.1763 508.8973
998.4164 510.4276
1004.6565 511.9511
1010.8966 513.4679
1017.1367 514.9780
1023.3768 516.4813
1029.6169 517.9781
1035.8570 519.4682
1042.0971 520.9517
1048.3372 522.4286
1054.5773 523.8991
1060.8174 525.3630
1067.0575 526.8204
1073.2976 528.2714
1079.5377 529.7159
1085.7778 531.1541
1092.0179 532.5859
1098.2580 534.0114
1104.4981 535.4306
1110.7382 536.8435
1116.9783 538.2502
1123.2184 539.6506
1129.4585 541.0449
1135.6986 542.4329
1141.9387 543.8149
1148.1788 545.1907
1154.4189 546.5605
1160.6590 547.9241
1166.8992 549.2818
1173.1393 550.6334
1179.3794 551.9791
1185.6195 553.3187
1191.8596 554.6525
1198.0997 555.9803
1204.3398 557.3023
1210.5799 558.6185
1216.8200 559.9288
1223.0601 561.2333
1229.3002 562.5320
1235.5403 563.8251
1241.7804 565.1124
1248.0205 566.3940
1254.2606 567.6699
1260.5007 568.9402
1266.7408 570.2049
1272.9809 571.4640
1279.2210 572.7174
1285.4611 573.9654
1291.7012 575.2078
1297.9413 576.4446
1304.1814 577.6760
1310.4215 578.9018
1316.6616 580.1222
1322.9017 581.3372
1329.1418 582.5467
1335.3819 583.7509
1341.6220 584.9496
1347.8621 586.1431
1354.1022 587.3312
1360.3423 588.5140
1366.5824 589.6915
1372.8225 590.8638
1379.0626 592.0309
1385.3027 593.1928
1391.5428 594.3496
1397.7829 595.5012
1404.0230 596.6477
1410.2631 597.7891
1416.5032 598.9255
1422.7433 600.0568
1428.9835 601.1831
1435.2236 602.3044
1441.4637 603.4207
1447.7038 604.5320
1453.9439 605.6384
1460.1840 606.7398
1466.4241 607.8363
1472.6642 608.9279
1478.9043 610.0145
1485.1444 611.0963
1491.3845 612.1733
1497.6246 613.2454
1503.8647 614.3127
1510.1048 615.3752
1516.3449 616.4329
1522.5850 617.4859
1528.8251 618.5341
1535.0652 619.5777
1541.3053 620.6165
1547.5454 621.6507
1553.7855 622.6803
1560.0256 623.7053
1566.2657 624.7256
1572.5058 625.7414
1578.7459 626.7527
1584.9860 627.7594
1591.2261 628.7616
1597.4662 629.7593
1603.7063 630.7525
1609.9464 631.7412
1616.1865 632.7255
1622.4266 633.7053
1628.6667 634.6807
1634.9068 635.6517
1641.1469 636.6183
1647.3870 637.5805
1653.6271 638.5383
1659.8672 639.4918
1666.1073 640.4410
1672.3474 641.3858
1678.5875 642.3263
1684.8276 643.2626
1691.0678 644.1946
1697.3079 645.1223
1703.5480 646.0458
1709.7881 646.9651
1716.0282 647.8802
1722.2683 648.7912
1728.5084 649.6980
1734.7485 650.6006
1740.9886 651.4992
1747.2287 652.3936
1753.4688 653.2840
1759.7089 654.1703
1765.9490 655.0525
1772.1891 655.9307
1778.4292 656.8049
1784.6693 657.6750
1790.9094 658.5412
1797.1495 659.4034
1803.3896 660.2616
1809.6297 661.1159
1815.8698 661.9662
1822.1099 662.8127
1828.3500 663.6552
1834.5901 664.4938
1840.8302 665.3286
1847.0703 666.1594
1853.3104 666.9865
1859.5505 667.8097
1865.7906 668.6291
1872.0307 669.4447
1878.2708 670.2565
1884.5109 671.0645
1890.7510 671.8688
1896.9911 672.6693
1903.2312 673.4662
1909.4713 674.2592
1915.7114 675.0486
1921.9515 675.8343
1928.1916 676.6163
1934.4317 677.3947
1940.6718 678.1694
1946.9120 678.9405
1953.1521 679.7079
1959.3922 680.4718
1965.6323 681.2320
1971.8724 681.9887
1978.1125 682.7418
1984.3526 683.4913
1990.5927 684.2374
1996.8328 684.9798
2003.0729 685.7188
2009.3130 686.4543
2015.5531 687.1863
2021.7932 687.9148
2028.0333 688.6398
2034.2734 689.3614
2040.5135 690.0796
2046.7536 690.7944
2052.9937 691.5057
2059.2338 692.2137
2065.4739 692.9182
2071.7140 693.6194
2077.9541 694.3173
2084.1942 695.0117
2090.4343 695.7029
2096.6744 696.3907
2102.9145 697.0752
2109.1546 697.7564
2115.3947 698.4343
2121.6348 699.1089
2127.8749 699.7803
2134.1150 700.4484
2140.3551 701.1132
2146.5952 701.7748
2152.8353 702.4332
2159.0754 703.0884
2165.3155 703.7403
2171.5556 704.3891
2177.7957 705.0347
2184.0358 705.6771
2190.2759 706.3164
2196.5160 706.9525
2202.7561 707.5856
2208.9963 708.2154
2215.2364 708.8422
2221.4765 709.4659
2227.7166 710.0866
2233.9567 710.7041
2240.1968 711.3186
2246.4369 711.9300
2252.6770 712.5384
2258.9171 713.1438
2265.1572 713.7462
2271.3973 714.3456
2277.6374 714.9419
2283.8775 715.5353
2290.1176 716.1257
2296.3577 716.7132
2302.5978 717.2977
2308.8379 717.8792
2315.0780 718.4579
2321.3181 719.0336
2327.5582 719.6064
2333.7983 720.1763
2340.0384 720.7433
2346.2785 721.3074
2352.5186 721.8687
2358.7587 722.4271
2364.9988 722.9826
2371.2389 723.5354
2377.4790 724.0852
2383.7191 724.6323
2389.9592 725.1766
2396.1993 725.7180
2402.4394 726.2567
2408.6795 726.7926
2414.9196 727.3257
2421.1597 727.8560
2427.3998 728.3836
2433.6399 728.9084
2439.8800 729.4305
2446.1201 729.9499
2452.3602 730.4665
2458.6003 730.9804
2464.8405 731.4917
2471.0806 732.0002
2477.3207 732.5061
2483.5608 733.0092
2489.8009 733.5098
2496.0410 734.0076
2502.2811 734.5029
2508.5212 734.9955
2514.7613 735.4854
2521.0014 735.9728
2527.2415 736.4576
2533.4816 736.9398
2539.7217 737.4194
2545.9618 737.8964
2552.2019 738.3708
2558.4420 738.8428
2564.6821 739.3121
2570.9222 739.7790
2577.1623 740.2433
2583.4024 740.7050
2589.6425 741.1643
2595.8826 741.6211
2602.1227 742.0754
2608.3628 742.5271
2614.6029 742.9764
2620.8430 743.4233
2627.0831 743.8677
2633.3232 744.3096
2639.5633 744.7491
2645.8034 745.1861
2652.0435 745.6207
2658.2836 746.0529
2664.5237 746.4827
2670.7638 746.9100
2677.0039 747.3350
2683.2440 747.7576
2689.4841 748.1778
2695.7242 748.5957
2701.9643 749.0112
2708.2044 749.4243
2714.4445 749.8351
2720.6846 750.2436
2726.9248 750.6497
2733.1649 751.0535
2739.4050 751.4550
2745.6451 751.8542
2751.8852 752.2512
2758.1253 752.6458
2764.3654 753.0382
2770.6055 753.4283
2776.8456 753.8161
2783.0857 754.2016
2789.3258 754.5850
2795.5659 754.9660
2801.8060 755.3448
2808.0461 755.7214
2814.2862 756.0958
2820.5263 756.4679
2826.7664 756.8378
2833.0065 757.2056
2839.2466 757.5711
2845.4867 757.9344
2851.7268 758.2955
2857.9669 758.6545
2864.2070 759.0113
2870.4471 759.3660
2876.6872 759.7185
2882.9273 760.0689
2889.1674 760.4172
2895.4075 760.7634
2901.6476 761.1075
2907.8877 761.4495
2914.1278 761.7894
2920.3679 762.1272
2926.6080 762.4630
2932.8481 762.7967
2939.0882 763.1284
2945.3283 763.4580
2951.5684 763.7855
2957.8085 764.1110
2964.0486 764.4345
2970.2887 764.7559
2976.5288 765.0753
2982.7690 765.3926
2989.0091 765.7079
2995.2492 766.0212
3001.4893 766.3325
3007.7294 766.6417
3013.9695 766.9490
3020.2096 767.2543
3026.4497 767.5576
3032.6898 767.8590
3038.9299 768.1584
3045.1700 768.4558
3051.4101 768.7513
3057.6502 769.0449
3063.8903 769.3366
3070.1304 769.6264
3076.3705 769.9142
3082.6106 770.2002
3088.8507 770.4843
3095.0908 770.7665
3101.3309 771.0468
3107.5710 771.3252
3113.8111 771.6018
3120.0512 771.8765
3126.2913 772.1493
3132.5314 772.4203
3138.7715 772.6895
3145.0116 772.9568
3151.2517 773.2222
3157.4918 773.4859
3163.7319 773.7477
3169.9720 774.0077
3176.2121 774.2659
3182.4522 774.5223
3188.6923 774.7769
3194.9324 775.0298
3201.1725 775.2808
3207.4126 775.5301
3213.6527 775.7776
3219.8928 776.0234
3226.1329 776.2674
3232.3730 776.5096
3238.6131 776.7502
3244.8533 776.9889
3251.0934 777.2260
3257.3335 777.4613
3263.5736 777.6949
3269.8137 777.9268
3276.0538 778.1570
3282.2939 778.3855
3288.5340 778.6124
3294.7741 778.8375
3301.0142 779.0610
3307.2543 779.2828
3313.4944 779.5030
3319.7345 779.7215
3325.9746 779.9383
3332.2147 780.1536
3338.4548 780.3672
3344.6949 780.5791
3350.9350 780.7895
3357.1751 780.9982
3363.4152 781.2053
3369.6553 781.4108
3375.8954 781.6147
3382.1355 781.8169
3388.3756 782.0176
3394.6157 782.2167
3400.8558 782.4142
3407.0959 782.6101
3413.3360 782.8044
3419.5761 782.9972
3425.8162 783.1885
3432.0563 783.3782
3438.2964 783.5663
3444.5365 783.7530
3450.7766 783.9381
3457.0167 784.1217
3463.2568 784.3038
3469.4969 784.4843
3475.7370 784.6634
3481.9771 784.8410
3488.2172 785.0171
3494.4573 785.1917
3500.6975 785.3648
3506.9376 785.5364
3513.1777 785.7066
3519.4178 785.8753
3525.6579 786.0425
3531.8980 786.2083
3538.1381 786.3727
3544.3782 786.5356
3550.6183 786.6971
3556.8584 786.8572
3563.0985 787.0159
3569.3386 787.1732
3575.5787 787.3291
3581.8188 787.4836
3588.0589 787.6367
3594.2990 787.7884
3600.5391 787.9388
3606.7792 788.0877
3613.0193 788.2353
3619.2594 788.3815
3625.4995 788.5264
3631.7396 788.6699
3637.9797 788.8120
3644.2198 788.9527
3650.4599 789.0922
3656.7000 789.2302
3662.9401 789.3670
3669.1802 789.5024
3675.4203 789.6365
3681.6604 789.7693
3687.9005 789.9008
3694.1406 790.0311
3700.3807 790.1600
3706.6208 790.2876
3712.8609 790.4140
3719.1010 790.5391
3725.3411 790.6630
3731.5812 790.7855
3737.8213 790.9069
3744.0614 791.0270
3750.3015 791.1458
3756.5416 791.2635
3762.7818 791.3799
3769.0219 791.4950
3775.2620 791.6090
3781.5021 791.7218
3787.7422 791.8333
3793.9823 791.9437
3800.2224 792.0528
3806.4625 792.1608
3812.7026 792.2676
3818.9427 792.3732
3825.1828 792.4776
3831.4229 792.5808
3837.6630 792.6828
3843.9031 792.7837
3850.1432 792.8834
3856.3833 792.9820
3862.6234 793.0794
3868.8635 793.1756
3875.1036 793.2708
3881.3437 793.3648
3887.5838 793.4577
3893.8239 793.5495
3900.0640 793.6403
3906.3041 793.7300
3912.5442 793.8186
3918.7843 793.9062
3925.0244 793.9928
3931.2645 794.0782
3937.5046 794.1627
3943.7447 794.2461
3949.9848 794.3284
3956.2249 794.4096
3962.4650 794.4898
3968.7051 794.5689
3974.9452 794.6469
3981.1853 794.7238
3987.4254 794.7997
3993.6655 794.8746
3999.9056 794.9484
4006.1457 795.0213
4012.3858 795.0932
4018.6260 795.1642
4024.8661 795.2342
4031.1062 795.3033
4037.3463 795.3715
4043.5864 795.4387
4049.8265 795.5049
4056.0666 795.5702
4062.3067 795.6345
4068.5468 795.6979
4074.7869 795.7603
4081.0270 795.8217
4087.2671 795.8822
4093.5072 795.9418
4099.7473 796.0005
4105.9874 796.0582
4112.2275 796.1151
4118.4676 796.1710
4124.7077 796.2261
4130.9478 796.2803
4137.1879 796.3337
4143.4280 796.3862
4149.6681 796.4378
4155.9082 796.4886
4162.1483 796.5386
4168.3884 796.5877
4174.6285 796.6361
4180.8686 796.6835
4187.1087 796.7302
4193.3488 796.7760
4199.5889 796.8211
4205.8290 796.8653
4212.0691 796.9087
4218.3092 796.9514
4224.5493 796.9933
4230.7894 797.0343
4237.0295 797.0747
4243.2696 797.1142
4249.5097 797.1530
4255.7498 797.1911
4261.9899 797.2284
4268.2300 797.2649
4274.4701 797.3008
4280.7103 797.3359
4286.9504 797.3703
4293.1905 797.4040
4299.4306 797.4370
4305.6707 797.4693
4311.9108 797.5009
4318.1509 797.5319
4324.3910 797.5621
4330.6311 797.5917
4336.8712 797.6207
4343.1113 797.6490
4349.3514 797.6767
4355.5915 797.7039
4361.8316 797.7304
4368.0717 797.7562
4374.3118 797.7814
4380.5519 797.8060
4386.7920 797.8298
4393.0321 797.8530
4399.2722 797.8756
4405.5123 797.8976
4411.7524 797.9190
4417.9925 797.9399
4424.2326 797.9602
4430.4727 797.9801
4436.7128 797.9995
4442.9529 798.0185
4449.1930 798.0368
4455.4331 798.0547
4461.6732 798.0720
4467.9133 798.0887
4474.1534 798.1049
4480.3935 798.1205
4486.6336 798.1356
4492.8737 798.1503
4499.1138 798.1645
4505.3539 798.1784
4511.5940 798.1919
4517.8341 798.2050
4524.0742 798.2176
4530.3143 798.2297
4536.5544 798.2413
4542.7946 798.2524
4549.0347 798.2631
4555.2748 798.2734
4561.5149 798.2833
4567.7550 798.2930
4573.9951 798.3023
4580.2352 798.3114
4586.4753 798.3201
4592.7154 798.3285
4598.9555 798.3364
4605.1956 798.3439
4611.4357 798.3510
4617.6758 798.3576
4623.9159 798.3640
4630.1560 798.3701
4636.3961 798.3760
4642.6362 798.3817
4648.8763 798.3872
4655.1164 798.3925
4661.3565 798.3974
4667.5966 798.4022
4673.8367 798.4066
4680.0768 798.4108
4686.3169 798.4147
4692.5570 798.4184
4698.7971 798.4217
4705.0372 798.4249
4711.2773 798.4278
4717.5174 798.4305
4723.7575 798.4331
4729.9976 798.4356
4736.2377 798.4379
4742.4778 798.4401
4748.7179 798.4421
4754.9580 798.4439
4761.1981 798.4457
4767.4382 798.4472
4773.6783 798.4487
4779.9184 798.4501
4786.1585 798.4513
4792.3986 798.4525
4798.6388 798.4536
4804.8789 798.4545
4811.1190 798.4554
4817.3591 798.4562
4823.5992 798.4569
4829.8393 798.4575
4836.0794 798.4581
4842.3195 798.4586
4848.5596 798.4591
4854.7997 798.4595
4861.0398 798.4599
4867.2799 798.4602
4873.5200 798.4604
4879.7601 798.4607
4886.0002 798.4609
4892.2403 798.4610
4898.4804 798.4611
4904.7205 798.4612
4910.9606 798.4613
4917.2007 798.4613
4923.4408 798.4614
4929.6809 798.4614
4935.9210 798.4614
4942.1611 798.4614
4948.4012 798.4615
4954.6413 798.4615
4960.8814 798.4615
4967.1215 798.4615
4973.3616 798.4615
4979.6017 798.4615
4985.8418 798.4615
